<?xml version="1.0" encoding="UTF-8"?>
<svg xmlns="http://www.w3.org/2000/svg" version="1.1" viewBox="0 0 1512 450">
  <defs>
    <style>
      .cls-1 {
        fill: #060007;
        opacity: .5;
      }
    </style>
  </defs>
  <!-- Generator: Adobe Illustrator 28.7.1, SVG Export Plug-In . SVG Version: 1.2.0 Build 142)  -->
  <g>
    <g id="Ebene_1">
      <polygon class="cls-1" points="2.9 119.7 15.6 129 28.2 138.4 40.1 145.2 51.1 148.3 60.6 149.9 71 151.2 81.2 151.8 91 150.3 100.5 147.7 110.2 146.2 113.2 146 113.6 145.9 122.9 141.9 132.1 137.5 141.4 133 150.8 129.2 155.8 127.7 156.6 127.4 156.7 127.4 166 123.5 175.7 121 185.6 119.6 195.7 119 205.9 119.1 216.3 120 226.8 121.8 237.6 124.7 248.3 127.8 258.8 129.7 269 129.7 279 128.9 289.1 128.8 299.4 129.4 309.5 129 319.3 126.7 329 123.2 338.7 119.8 348.5 117.6 358.6 116.5 368.8 116.5 379.2 117.8 389.7 120.4 400.3 123.7 410.8 125.7 420.8 124.7 430.5 120.2 440 113.9 449.5 107.3 459.2 101.4 468.9 96.2 478.7 91.5 488.7 87.5 498.7 84.1 508.8 81.4 519 79.4 529.2 78 539.5 77.4 549.9 77.6 560.3 78.6 570.8 80.5 581.3 83.4 591.9 87.9 602.6 94.1 613.2 100.4 623.6 104 633.8 103.2 643.9 99 654 94 664.2 90.3 674.5 88 684.8 87 695.1 87.2 705.4 88.5 715.8 91 726.1 94.7 736.4 99.5 746.7 105.7 756.9 113.6 767.1 123.7 777.1 135.1 778.7 136.5 785.4 141.5 787.6 142.4 797.8 144.9 800.6 145.1 806.9 143.7 807.4 143.5 817.7 135.2 828.1 126.8 838.5 120.6 848.8 117.5 859 117.2 869.2 117.8 879.5 116.3 890 111 900.6 103.3 911.3 95.9 922 90.4 932.5 86.7 943 84.1 953.5 82.3 963.9 81.3 974.3 81.1 984.6 81.6 994.8 83.1 1004.9 85.6 1014.8 89.6 1024.6 95.3 1034.2 101.6 1044 106.1 1054.2 106.2 1065 102 1076 96 1086.9 90.7 1097.6 87.2 1108.2 85.3 1118.6 84.6 1128.9 85.2 1139 87 1148.8 90.5 1158.4 95.2 1159.1 95.5 1163 96.2 1176.1 97.2 1180 96.8 1187.3 95.3 1198.3 92.9 1201 92 1206.9 89.8 1211.1 87.8 1222.2 83.2 1233.2 79.4 1244.1 76.2 1254.9 73.6 1265.7 71.5 1276.4 70.1 1286.9 69.2 1297.4 68.9 1307.7 69.2 1317.9 70.3 1327.9 72 1337.7 74.6 1347.3 78.2 1356.6 83.1 1365.5 89.4 1374.3 96.3 1379.7 99.3 1385.1 101.2 1395.3 101.8 1405.4 99.7 1415.4 96.3 1426.5 93.1 1437.2 91.4 1447.7 90.9 1457.8 91.4 1458.7 91.6 1459.7 91.6 1469.7 92.8 1473.1 93.4 1475.2 93.5 1485.3 94.6 1495.3 96.2 1505.2 98.1 1511.9 99.7 1511.9 450 -.1 450 -.1 117.9 2.9 119.7"/>
    </g>
  </g>
</svg>
